MAE: 0.04983520424608047
MSE: 0.005429474349279424
RMSE: 0.07368496691510029
R^2 Score: 0.7892729484194421
